#GEN	TIME		EVAL	BEST		AVG		STDDEV		WORST

0	0.3		10000		6.94e+30  3.53e+31  7.55e+29  3.54e+31
1	0.8		20000		6.94e+30  3.52e+31  1.08e+30  3.54e+31
2	0.12		30000		5.20e+30  3.50e+31  1.67e+30  3.54e+31
3	0.16		40000		5.20e+30  3.44e+31  2.46e+30  3.54e+31
4	0.21		50000		3.03e+30  3.34e+31  3.47e+30  3.54e+31
5	0.26		60000		2.09e+30  3.18e+31  4.43e+30  3.54e+31
6	0.31		70000		8.81e+29  2.93e+31  5.46e+30  3.54e+31
7	0.36		80000		7.90e+29  2.59e+31  6.28e+30  3.51e+31
8	0.40		90000		7.54e+29  2.18e+31  6.58e+30  3.37e+31
9	0.45		100000		7.54e+29  1.74e+31  6.28e+30  3.21e+31
10	0.49		110000		7.53e+29  1.31e+31  5.44e+30  2.85e+31
11	0.54		120000		7.53e+29  9.48e+30  4.41e+30  2.41e+31
12	0.58		130000		7.53e+29  6.52e+30  3.48e+30  2.13e+31
13	0.62		140000		7.53e+29  4.23e+30  2.56e+30  1.60e+31
14	0.67		150000		7.53e+29  2.58e+30  1.74e+30  1.08e+31
15	0.71		160000		7.53e+29  1.53e+30  9.93e+29  8.01e+30
16	0.76		170000		7.53e+29  1.02e+30  4.30e+29  4.81e+30
17	0.79		180000		7.53e+29  8.49e+29  1.74e+29  3.73e+30
18	0.84		190000		7.53e+29  7.96e+29  8.23e+28  1.78e+30
19	0.88		200000		7.53e+29  7.79e+29  5.50e+28  1.56e+30
20	0.92		210000		7.53e+29  7.70e+29  4.28e+28  1.52e+30
21	0.97		220000		7.53e+29  7.68e+29  4.99e+28  1.75e+30
22	1.2		230000		7.53e+29  7.65e+29  4.16e+28  1.53e+30
23	1.6		240000		7.53e+29  7.63e+29  3.91e+28  1.75e+30
24	1.10		250000		7.53e+29  7.62e+29  4.07e+28  1.75e+30
25	1.15		260000		7.53e+29  7.61e+29  4.19e+28  1.48e+30
26	1.20		270000		7.53e+29  7.59e+29  3.95e+28  1.36e+30
27	1.24		280000		7.53e+29  7.57e+29  3.44e+28  1.35e+30
28	1.28		290000		7.53e+29  7.57e+29  4.12e+28  1.35e+30
29	1.35		300000		7.53e+29  7.59e+29  5.63e+28  1.35e+30
30	1.41		310000		7.53e+29  7.62e+29  7.04e+28  1.35e+30
31	1.45		320000		7.53e+29  7.66e+29  8.51e+28  1.35e+30
32	1.50		330000		7.53e+29  7.72e+29  1.01e+29  1.35e+30
33	1.55		340000		7.53e+29  7.81e+29  1.23e+29  1.35e+30
34	1.61		350000		7.53e+29  7.86e+29  1.34e+29  1.35e+30
35	1.65		360000		7.53e+29  7.82e+29  1.26e+29  1.35e+30
36	1.70		370000		7.53e+29  7.68e+29  9.17e+28  1.35e+30
37	1.74		380000		7.53e+29  7.55e+29  2.83e+28  1.33e+30
38	1.78		390000		7.53e+29  7.53e+29  2.33e+23  7.53e+29
39	1.83		400000		7.53e+29  7.53e+29  2.39e+23  7.53e+29
40	1.88		410000		7.53e+29  7.53e+29  2.19e+23  7.53e+29
41	1.93		420000		7.53e+29  7.53e+29  1.69e+23  7.53e+29
42	1.99		430000		7.53e+29  7.53e+29  8.77e+25  7.62e+29
43	2.5		440000		7.53e+29  7.53e+29  2.32e+23  7.53e+29
44	2.9		450000		7.53e+29  7.53e+29  2.89e+23  7.53e+29
45	2.14		460000		7.53e+29  7.53e+29  2.94e+23  7.53e+29
46	2.18		470000		7.53e+29  7.53e+29  1.90e+23  7.53e+29
47	2.23		480000		7.53e+29  7.53e+29  5.49e+22  7.53e+29
48	2.27		490000		7.53e+29  7.53e+29  2.16e+22  7.53e+29
49	2.32		500000		7.53e+29  7.53e+29  2.60e+22  7.53e+29
50	2.37		510000		7.53e+29  7.53e+29  2.94e+22  7.53e+29
51	2.42		520000		7.53e+29  7.53e+29  8.66e+25  7.62e+29
52	2.48		530000		7.53e+29  7.53e+29  1.51e+26  7.62e+29
53	2.53		540000		7.53e+29  7.53e+29  1.22e+26  7.62e+29
54	2.59		550000		7.53e+29  7.53e+29  1.23e+26  7.62e+29
55	2.65		560000		7.53e+29  7.53e+29  1.94e+26  7.62e+29
56	2.69		570000		7.53e+29  7.53e+29  2.60e+26  7.62e+29
57	2.74		580000		7.53e+29  7.53e+29  2.74e+26  7.62e+29
58	2.79		590000		7.53e+29  7.53e+29  3.87e+26  7.62e+29
59	2.85		600000		7.53e+29  7.53e+29  5.62e+26  7.62e+29
60	2.91		610000		7.53e+29  7.53e+29  7.54e+26  7.62e+29
61	2.98		620000		7.53e+29  7.54e+29  9.34e+26  7.62e+29
62	3.3		630000		7.53e+29  7.54e+29  1.28e+27  7.62e+29
63	3.9		640000		7.53e+29  7.54e+29  1.56e+27  7.62e+29
64	3.13		650000		7.53e+29  7.54e+29  1.89e+27  7.62e+29
65	3.17		660000		7.53e+29  7.54e+29  2.00e+27  7.62e+29
66	3.21		670000		7.53e+29  7.54e+29  1.72e+27  7.62e+29
67	3.25		680000		7.53e+29  7.54e+29  8.37e+26  7.62e+29
68	3.32		690000		7.53e+29  7.53e+29  1.51e+26  7.62e+29
69	3.36		700000		7.53e+29  7.53e+29  1.22e+22  7.53e+29
70	3.40		710000		7.53e+29  7.53e+29  1.89e+22  7.53e+29
71	3.46		720000		7.53e+29  7.53e+29  2.98e+22  7.53e+29
72	3.50		730000		7.53e+29  7.53e+29  4.23e+22  7.53e+29
73	3.55		740000		7.53e+29  7.53e+29  6.14e+22  7.53e+29
74	3.59		750000		7.53e+29  7.53e+29  8.55e+22  7.53e+29
75	3.64		760000		7.53e+29  7.53e+29  1.08e+23  7.53e+29
76	3.68		770000		7.53e+29  7.53e+29  1.10e+23  7.53e+29
77	3.74		780000		7.53e+29  7.53e+29  7.24e+22  7.53e+29
78	3.79		790000		7.53e+29  7.53e+29  2.11e+22  7.53e+29
79	3.84		800000		7.53e+29  7.53e+29  0.00e+00  7.53e+29
80	3.89		810000		7.53e+29  7.53e+29  0.00e+00  7.53e+29
81	3.98		820000		7.53e+29  7.53e+29  0.00e+00  7.53e+29
82	4.6		830000		7.53e+29  7.53e+29  0.00e+00  7.53e+29
83	4.12		840000		7.53e+29  7.53e+29  0.00e+00  7.53e+29
84	4.18		850000		7.53e+29  7.53e+29  0.00e+00  7.53e+29
85	4.24		860000		7.53e+29  7.53e+29  0.00e+00  7.53e+29
86	4.31		870000		7.53e+29  7.53e+29  0.00e+00  7.53e+29
87	4.42		880000		7.53e+29  7.53e+29  0.00e+00  7.53e+29
88	4.51		890000		7.53e+29  7.53e+29  0.00e+00  7.53e+29
89	4.58		900000		7.53e+29  7.53e+29  0.00e+00  7.53e+29
90	4.64		910000		7.53e+29  7.53e+29  0.00e+00  7.53e+29
91	4.71		920000		7.53e+29  7.53e+29  0.00e+00  7.53e+29
92	4.78		930000		7.53e+29  7.53e+29  0.00e+00  7.53e+29
93	4.82		940000		7.53e+29  7.53e+29  0.00e+00  7.53e+29
94	4.87		950000		7.53e+29  7.53e+29  0.00e+00  7.53e+29
95	4.92		960000		7.53e+29  7.53e+29  0.00e+00  7.53e+29
96	4.98		970000		7.53e+29  7.53e+29  0.00e+00  7.53e+29
97	5.3		980000		7.53e+29  7.53e+29  0.00e+00  7.53e+29
98	5.9		990000		7.53e+29  7.53e+29  0.00e+00  7.53e+29
99	5.14		1000000		7.53e+29  7.53e+29  0.00e+00  7.53e+29
100	5.20		1010000		7.53e+29  7.53e+29  0.00e+00  7.53e+29
101	5.25		1020000		7.53e+29  7.53e+29  0.00e+00  7.53e+29
102	5.31		1030000		7.53e+29  7.53e+29  0.00e+00  7.53e+29
103	5.36		1040000		7.53e+29  7.53e+29  0.00e+00  7.53e+29
104	5.40		1050000		7.53e+29  7.53e+29  0.00e+00  7.53e+29
105	5.44		1060000		7.53e+29  7.53e+29  0.00e+00  7.53e+29
106	5.49		1070000		7.53e+29  7.53e+29  0.00e+00  7.53e+29
107	5.53		1080000		7.53e+29  7.53e+29  0.00e+00  7.53e+29
108	5.57		1090000		7.53e+29  7.53e+29  0.00e+00  7.53e+29
109	5.62		1100000		7.53e+29  7.53e+29  0.00e+00  7.53e+29
110	5.67		1110000		7.53e+29  7.53e+29  0.00e+00  7.53e+29
111	5.71		1120000		7.53e+29  7.53e+29  0.00e+00  7.53e+29
112	5.77		1130000		7.53e+29  7.53e+29  0.00e+00  7.53e+29
113	5.83		1140000		7.53e+29  7.53e+29  0.00e+00  7.53e+29
114	5.88		1150000		7.53e+29  7.53e+29  0.00e+00  7.53e+29
115	5.92		1160000		7.53e+29  7.53e+29  0.00e+00  7.53e+29
116	5.99		1170000		7.53e+29  7.53e+29  0.00e+00  7.53e+29
117	6.5		1180000		7.53e+29  7.53e+29  0.00e+00  7.53e+29
118	6.10		1190000		7.53e+29  7.53e+29  0.00e+00  7.53e+29
119	6.15		1200000		7.53e+29  7.53e+29  0.00e+00  7.53e+29
120	6.21		1210000		7.53e+29  7.53e+29  0.00e+00  7.53e+29
121	6.27		1220000		7.53e+29  7.53e+29  0.00e+00  7.53e+29
122	6.33		1230000		7.53e+29  7.53e+29  0.00e+00  7.53e+29
123	6.39		1240000		7.53e+29  7.53e+29  0.00e+00  7.53e+29
124	6.46		1250000		7.53e+29  7.53e+29  0.00e+00  7.53e+29
125	6.52		1260000		7.53e+29  7.53e+29  0.00e+00  7.53e+29
126	6.59		1270000		7.53e+29  7.53e+29  0.00e+00  7.53e+29
127	6.66		1280000		7.53e+29  7.53e+29  0.00e+00  7.53e+29
128	6.72		1290000		7.53e+29  7.53e+29  0.00e+00  7.53e+29
129	6.77		1300000		7.53e+29  7.53e+29  0.00e+00  7.53e+29
130	6.84		1310000		7.53e+29  7.53e+29  0.00e+00  7.53e+29
131	6.91		1320000		7.53e+29  7.53e+29  0.00e+00  7.53e+29
132	6.96		1330000		7.53e+29  7.53e+29  0.00e+00  7.53e+29
133	7.8		1340000		7.53e+29  7.53e+29  0.00e+00  7.53e+29
134	7.13		1350000		7.53e+29  7.53e+29  0.00e+00  7.53e+29
135	7.20		1360000		7.53e+29  7.53e+29  0.00e+00  7.53e+29
136	7.26		1370000		7.53e+29  7.53e+29  0.00e+00  7.53e+29
137	7.32		1380000		7.53e+29  7.53e+29  0.00e+00  7.53e+29
138	7.40		1390000		7.53e+29  7.53e+29  0.00e+00  7.53e+29
139	7.46		1400000		7.53e+29  7.53e+29  0.00e+00  7.53e+29
140	7.52		1410000		7.53e+29  7.53e+29  0.00e+00  7.53e+29
141	7.58		1420000		7.53e+29  7.53e+29  0.00e+00  7.53e+29
142	7.64		1430000		7.53e+29  7.53e+29  0.00e+00  7.53e+29
143	7.72		1440000		7.53e+29  7.53e+29  0.00e+00  7.53e+29
144	7.78		1450000		7.53e+29  7.53e+29  0.00e+00  7.53e+29
145	7.85		1460000		7.53e+29  7.53e+29  0.00e+00  7.53e+29
146	7.89		1470000		7.53e+29  7.53e+29  0.00e+00  7.53e+29
147	7.96		1480000		7.53e+29  7.53e+29  0.00e+00  7.53e+29
148	8.2		1490000		7.53e+29  7.53e+29  0.00e+00  7.53e+29
149	8.7		1500000		7.53e+29  7.53e+29  0.00e+00  7.53e+29
150	8.11		1510000		7.53e+29  7.53e+29  0.00e+00  7.53e+29
151	8.17		1520000		7.53e+29  7.53e+29  0.00e+00  7.53e+29
152	8.22		1530000		7.53e+29  7.53e+29  0.00e+00  7.53e+29
153	8.26		1540000		7.53e+29  7.53e+29  0.00e+00  7.53e+29
154	8.35		1550000		7.53e+29  7.53e+29  0.00e+00  7.53e+29
155	8.39		1560000		7.53e+29  7.53e+29  0.00e+00  7.53e+29
156	8.44		1570000		7.53e+29  7.53e+29  0.00e+00  7.53e+29
157	8.50		1580000		7.53e+29  7.53e+29  0.00e+00  7.53e+29
158	8.55		1590000		7.53e+29  7.53e+29  0.00e+00  7.53e+29
159	8.62		1600000		7.53e+29  7.53e+29  0.00e+00  7.53e+29
160	8.67		1610000		7.53e+29  7.53e+29  0.00e+00  7.53e+29
161	8.73		1620000		7.53e+29  7.53e+29  0.00e+00  7.53e+29
162	8.78		1630000		7.53e+29  7.53e+29  0.00e+00  7.53e+29
163	8.82		1640000		7.53e+29  7.53e+29  0.00e+00  7.53e+29
164	8.88		1650000		7.53e+29  7.53e+29  0.00e+00  7.53e+29
165	8.94		1660000		7.53e+29  7.53e+29  0.00e+00  7.53e+29
166	9.0		1670000		7.53e+29  7.53e+29  0.00e+00  7.53e+29
167	9.4		1680000		7.53e+29  7.53e+29  0.00e+00  7.53e+29
168	9.10		1690000		7.53e+29  7.53e+29  0.00e+00  7.53e+29
169	9.17		1700000		7.53e+29  7.53e+29  0.00e+00  7.53e+29
170	9.26		1710000		7.53e+29  7.53e+29  0.00e+00  7.53e+29
171	9.31		1720000		7.53e+29  7.53e+29  0.00e+00  7.53e+29
172	9.37		1730000		7.53e+29  7.53e+29  0.00e+00  7.53e+29
173	9.43		1740000		7.53e+29  7.53e+29  0.00e+00  7.53e+29
174	9.48		1750000		7.53e+29  7.53e+29  0.00e+00  7.53e+29
175	9.54		1760000		7.53e+29  7.53e+29  0.00e+00  7.53e+29
176	9.59		1770000		7.53e+29  7.53e+29  0.00e+00  7.53e+29
177	9.65		1780000		7.53e+29  7.53e+29  0.00e+00  7.53e+29
178	9.69		1790000		7.53e+29  7.53e+29  0.00e+00  7.53e+29
179	9.73		1800000		7.53e+29  7.53e+29  0.00e+00  7.53e+29
180	9.78		1810000		7.53e+29  7.53e+29  0.00e+00  7.53e+29
181	9.83		1820000		7.53e+29  7.53e+29  0.00e+00  7.53e+29
182	9.87		1830000		7.53e+29  7.53e+29  0.00e+00  7.53e+29
183	9.92		1840000		7.53e+29  7.53e+29  0.00e+00  7.53e+29
184	9.96		1850000		7.53e+29  7.53e+29  0.00e+00  7.53e+29
185	10.1		1860000		7.53e+29  7.53e+29  0.00e+00  7.53e+29
186	10.8		1870000		7.53e+29  7.53e+29  0.00e+00  7.53e+29
187	10.14		1880000		7.53e+29  7.53e+29  0.00e+00  7.53e+29
188	10.19		1890000		7.53e+29  7.53e+29  0.00e+00  7.53e+29
189	10.23		1900000		7.53e+29  7.53e+29  0.00e+00  7.53e+29
190	10.27		1910000		7.53e+29  7.53e+29  0.00e+00  7.53e+29
191	10.31		1920000		7.53e+29  7.53e+29  0.00e+00  7.53e+29
192	10.36		1930000		7.53e+29  7.53e+29  0.00e+00  7.53e+29
193	10.40		1940000		7.53e+29  7.53e+29  0.00e+00  7.53e+29
194	10.45		1950000		7.53e+29  7.53e+29  0.00e+00  7.53e+29
195	10.50		1960000		7.53e+29  7.53e+29  0.00e+00  7.53e+29
196	10.56		1970000		7.53e+29  7.53e+29  0.00e+00  7.53e+29
197	10.61		1980000		7.53e+29  7.53e+29  0.00e+00  7.53e+29
198	10.69		1990000		7.53e+29  7.53e+29  0.00e+00  7.53e+29
199	10.73		2000000		7.53e+29  7.53e+29  0.00e+00  7.53e+29
200	10.76		2010000		7.53e+29  7.53e+29  0.00e+00  7.53e+29
201	10.83		2020000		7.53e+29  7.53e+29  0.00e+00  7.53e+29
202	10.88		2030000		7.53e+29  7.53e+29  0.00e+00  7.53e+29
203	10.94		2040000		7.53e+29  7.53e+29  0.00e+00  7.53e+29
204	11.0		2050000		7.53e+29  7.53e+29  0.00e+00  7.53e+29
205	11.6		2060000		7.53e+29  7.53e+29  0.00e+00  7.53e+29
206	11.11		2070000		7.53e+29  7.53e+29  0.00e+00  7.53e+29
207	11.16		2080000		7.53e+29  7.53e+29  0.00e+00  7.53e+29
208	11.22		2090000		7.53e+29  7.53e+29  0.00e+00  7.53e+29
209	11.26		2100000		7.53e+29  7.53e+29  0.00e+00  7.53e+29
210	11.32		2110000		7.53e+29  7.53e+29  0.00e+00  7.53e+29
211	11.38		2120000		7.53e+29  7.53e+29  0.00e+00  7.53e+29
212	11.43		2130000		7.53e+29  7.53e+29  0.00e+00  7.53e+29
213	11.52		2140000		7.53e+29  7.53e+29  0.00e+00  7.53e+29
214	11.58		2150000		7.53e+29  7.53e+29  0.00e+00  7.53e+29
215	11.63		2160000		7.53e+29  7.53e+29  0.00e+00  7.53e+29
216	11.67		2170000		7.53e+29  7.53e+29  0.00e+00  7.53e+29
217	11.72		2180000		7.53e+29  7.53e+29  0.00e+00  7.53e+29
218	11.77		2190000		7.53e+29  7.53e+29  0.00e+00  7.53e+29
219	11.81		2200000		7.53e+29  7.53e+29  0.00e+00  7.53e+29
220	11.85		2210000		7.53e+29  7.53e+29  0.00e+00  7.53e+29
221	11.90		2220000		7.53e+29  7.53e+29  0.00e+00  7.53e+29
222	11.95		2230000		7.53e+29  7.53e+29  0.00e+00  7.53e+29
223	12.0		2240000		7.53e+29  7.53e+29  0.00e+00  7.53e+29
224	12.6		2250000		7.53e+29  7.53e+29  0.00e+00  7.53e+29
225	12.13		2260000		7.53e+29  7.53e+29  0.00e+00  7.53e+29
226	12.18		2270000		7.53e+29  7.53e+29  0.00e+00  7.53e+29
227	12.24		2280000		7.53e+29  7.53e+29  0.00e+00  7.53e+29
228	12.30		2290000		7.53e+29  7.53e+29  0.00e+00  7.53e+29
229	12.37		2300000		7.53e+29  7.53e+29  0.00e+00  7.53e+29
230	12.43		2310000		7.53e+29  7.53e+29  0.00e+00  7.53e+29
231	12.49		2320000		7.53e+29  7.53e+29  0.00e+00  7.53e+29
232	12.54		2330000		7.53e+29  7.53e+29  0.00e+00  7.53e+29
233	12.59		2340000		7.53e+29  7.53e+29  0.00e+00  7.53e+29
234	12.64		2350000		7.53e+29  7.53e+29  0.00e+00  7.53e+29
235	12.70		2360000		7.53e+29  7.53e+29  0.00e+00  7.53e+29
236	12.75		2370000		7.53e+29  7.53e+29  0.00e+00  7.53e+29
237	12.80		2380000		7.53e+29  7.53e+29  0.00e+00  7.53e+29
238	12.85		2390000		7.53e+29  7.53e+29  0.00e+00  7.53e+29
239	12.90		2400000		7.53e+29  7.53e+29  0.00e+00  7.53e+29
240	12.94		2410000		7.53e+29  7.53e+29  0.00e+00  7.53e+29
241	12.98		2420000		7.53e+29  7.53e+29  0.00e+00  7.53e+29
242	13.1		2430000		7.53e+29  7.53e+29  0.00e+00  7.53e+29
243	13.5		2440000		7.53e+29  7.53e+29  0.00e+00  7.53e+29
244	13.9		2450000		7.53e+29  7.53e+29  0.00e+00  7.53e+29
245	13.14		2460000		7.53e+29  7.53e+29  0.00e+00  7.53e+29
246	13.18		2470000		7.53e+29  7.53e+29  0.00e+00  7.53e+29
247	13.23		2480000		7.53e+29  7.53e+29  0.00e+00  7.53e+29
248	13.26		2490000		7.53e+29  7.53e+29  0.00e+00  7.53e+29
249	13.30		2500000		7.53e+29  7.53e+29  0.00e+00  7.53e+29
250	13.35		2510000		7.53e+29  7.53e+29  0.00e+00  7.53e+29
251	13.40		2520000		7.53e+29  7.53e+29  0.00e+00  7.53e+29
252	13.44		2530000		7.53e+29  7.53e+29  0.00e+00  7.53e+29
253	13.49		2540000		7.53e+29  7.53e+29  0.00e+00  7.53e+29
254	13.52		2550000		7.53e+29  7.53e+29  0.00e+00  7.53e+29
255	13.57		2560000		7.53e+29  7.53e+29  0.00e+00  7.53e+29
256	13.62		2570000		7.53e+29  7.53e+29  0.00e+00  7.53e+29
257	13.65		2580000		7.53e+29  7.53e+29  0.00e+00  7.53e+29
258	13.69		2590000		7.53e+29  7.53e+29  0.00e+00  7.53e+29
259	13.75		2600000		7.53e+29  7.53e+29  0.00e+00  7.53e+29
260	13.79		2610000		7.53e+29  7.53e+29  0.00e+00  7.53e+29
261	13.83		2620000		7.53e+29  7.53e+29  0.00e+00  7.53e+29
262	13.89		2630000		7.53e+29  7.53e+29  0.00e+00  7.53e+29
263	13.93		2640000		7.53e+29  7.53e+29  0.00e+00  7.53e+29
264	13.99		2650000		7.53e+29  7.53e+29  0.00e+00  7.53e+29
265	14.3		2660000		7.53e+29  7.53e+29  0.00e+00  7.53e+29
266	14.8		2670000		7.53e+29  7.53e+29  0.00e+00  7.53e+29
267	14.13		2680000		7.53e+29  7.53e+29  0.00e+00  7.53e+29
268	14.16		2690000		7.53e+29  7.53e+29  0.00e+00  7.53e+29
269	14.21		2700000		7.53e+29  7.53e+29  0.00e+00  7.53e+29
270	14.26		2710000		7.53e+29  7.53e+29  0.00e+00  7.53e+29
271	14.33		2720000		7.53e+29  7.53e+29  0.00e+00  7.53e+29
272	14.36		2730000		7.53e+29  7.53e+29  0.00e+00  7.53e+29
273	14.40		2740000		7.53e+29  7.53e+29  0.00e+00  7.53e+29
274	14.45		2750000		7.53e+29  7.53e+29  0.00e+00  7.53e+29
275	14.49		2760000		7.53e+29  7.53e+29  0.00e+00  7.53e+29
276	14.53		2770000		7.53e+29  7.53e+29  0.00e+00  7.53e+29
277	14.57		2780000		7.53e+29  7.53e+29  0.00e+00  7.53e+29
278	14.62		2790000		7.53e+29  7.53e+29  0.00e+00  7.53e+29
279	14.66		2800000		7.53e+29  7.53e+29  0.00e+00  7.53e+29
280	14.70		2810000		7.53e+29  7.53e+29  0.00e+00  7.53e+29
281	14.75		2820000		7.53e+29  7.53e+29  0.00e+00  7.53e+29
282	14.80		2830000		7.53e+29  7.53e+29  0.00e+00  7.53e+29
283	14.85		2840000		7.53e+29  7.53e+29  0.00e+00  7.53e+29
284	14.91		2850000		7.53e+29  7.53e+29  0.00e+00  7.53e+29
285	14.97		2860000		7.53e+29  7.53e+29  0.00e+00  7.53e+29
286	15.3		2870000		7.53e+29  7.53e+29  0.00e+00  7.53e+29
287	15.9		2880000		7.53e+29  7.53e+29  0.00e+00  7.53e+29
288	15.14		2890000		7.53e+29  7.53e+29  0.00e+00  7.53e+29
289	15.19		2900000		7.53e+29  7.53e+29  0.00e+00  7.53e+29
290	15.26		2910000		7.53e+29  7.53e+29  0.00e+00  7.53e+29
291	15.32		2920000		7.53e+29  7.53e+29  0.00e+00  7.53e+29
292	15.39		2930000		7.53e+29  7.53e+29  0.00e+00  7.53e+29
293	15.44		2940000		7.53e+29  7.53e+29  0.00e+00  7.53e+29
294	15.51		2950000		7.53e+29  7.53e+29  0.00e+00  7.53e+29
295	15.57		2960000		7.53e+29  7.53e+29  0.00e+00  7.53e+29
296	15.63		2970000		7.53e+29  7.53e+29  0.00e+00  7.53e+29
297	15.69		2980000		7.53e+29  7.53e+29  0.00e+00  7.53e+29
298	15.74		2990000		7.53e+29  7.53e+29  0.00e+00  7.53e+29
299	15.80		3000000		7.53e+29  7.53e+29  0.00e+00  7.53e+29
300	15.87		3010000		7.53e+29  7.53e+29  0.00e+00  7.53e+29
301	15.92		3020000		7.53e+29  7.53e+29  0.00e+00  7.53e+29
302	16.1		3030000		7.53e+29  7.53e+29  0.00e+00  7.53e+29
303	16.6		3040000		7.53e+29  7.53e+29  0.00e+00  7.53e+29
304	16.12		3050000		7.53e+29  7.53e+29  0.00e+00  7.53e+29
305	16.17		3060000		7.53e+29  7.53e+29  0.00e+00  7.53e+29
306	16.22		3070000		7.53e+29  7.53e+29  0.00e+00  7.53e+29
307	16.28		3080000		7.53e+29  7.53e+29  0.00e+00  7.53e+29
308	16.32		3090000		7.53e+29  7.53e+29  0.00e+00  7.53e+29
309	16.37		3100000		7.53e+29  7.53e+29  0.00e+00  7.53e+29
310	16.42		3110000		7.53e+29  7.53e+29  0.00e+00  7.53e+29
311	16.46		3120000		7.53e+29  7.53e+29  0.00e+00  7.53e+29
312	16.52		3130000		7.53e+29  7.53e+29  0.00e+00  7.53e+29
313	16.57		3140000		7.53e+29  7.53e+29  0.00e+00  7.53e+29
314	16.62		3150000		7.53e+29  7.53e+29  0.00e+00  7.53e+29
315	16.66		3160000		7.53e+29  7.53e+29  0.00e+00  7.53e+29
316	16.71		3170000		7.53e+29  7.53e+29  0.00e+00  7.53e+29
317	16.75		3180000		7.53e+29  7.53e+29  0.00e+00  7.53e+29
318	16.79		3190000		7.53e+29  7.53e+29  0.00e+00  7.53e+29
319	16.84		3200000		7.53e+29  7.53e+29  0.00e+00  7.53e+29
320	16.89		3210000		7.53e+29  7.53e+29  0.00e+00  7.53e+29
321	16.95		3220000		7.53e+29  7.53e+29  0.00e+00  7.53e+29
322	17.0		3230000		7.53e+29  7.53e+29  0.00e+00  7.53e+29
323	17.5		3240000		7.53e+29  7.53e+29  0.00e+00  7.53e+29
324	17.9		3250000		7.53e+29  7.53e+29  0.00e+00  7.53e+29
325	17.14		3260000		7.53e+29  7.53e+29  0.00e+00  7.53e+29
326	17.19		3270000		7.53e+29  7.53e+29  0.00e+00  7.53e+29
327	17.24		3280000		7.53e+29  7.53e+29  0.00e+00  7.53e+29
328	17.29		3290000		7.53e+29  7.53e+29  0.00e+00  7.53e+29
329	17.34		3300000		7.53e+29  7.53e+29  0.00e+00  7.53e+29
330	17.40		3310000		7.53e+29  7.53e+29  0.00e+00  7.53e+29
331	17.45		3320000		7.53e+29  7.53e+29  0.00e+00  7.53e+29
332	17.51		3330000		7.53e+29  7.53e+29  0.00e+00  7.53e+29
333	17.56		3340000		7.53e+29  7.53e+29  0.00e+00  7.53e+29
334	17.60		3350000		7.53e+29  7.53e+29  0.00e+00  7.53e+29
335	17.65		3360000		7.53e+29  7.53e+29  0.00e+00  7.53e+29
336	17.71		3370000		7.53e+29  7.53e+29  0.00e+00  7.53e+29
337	17.75		3380000		7.53e+29  7.53e+29  0.00e+00  7.53e+29
338	17.79		3390000		7.53e+29  7.53e+29  0.00e+00  7.53e+29
339	17.84		3400000		7.53e+29  7.53e+29  0.00e+00  7.53e+29
340	17.90		3410000		7.53e+29  7.53e+29  0.00e+00  7.53e+29
341	17.96		3420000		7.53e+29  7.53e+29  0.00e+00  7.53e+29
342	18.1		3430000		7.53e+29  7.53e+29  0.00e+00  7.53e+29
343	18.4		3440000		7.53e+29  7.53e+29  0.00e+00  7.53e+29
344	18.11		3450000		7.53e+29  7.53e+29  0.00e+00  7.53e+29
345	18.15		3460000		7.53e+29  7.53e+29  0.00e+00  7.53e+29
346	18.20		3470000		7.53e+29  7.53e+29  0.00e+00  7.53e+29
347	18.26		3480000		7.53e+29  7.53e+29  0.00e+00  7.53e+29
348	18.31		3490000		7.53e+29  7.53e+29  0.00e+00  7.53e+29
349	18.35		3500000		7.53e+29  7.53e+29  0.00e+00  7.53e+29
350	18.41		3510000		7.53e+29  7.53e+29  0.00e+00  7.53e+29
351	18.46		3520000		7.53e+29  7.53e+29  0.00e+00  7.53e+29
352	18.51		3530000		7.53e+29  7.53e+29  0.00e+00  7.53e+29
353	18.56		3540000		7.53e+29  7.53e+29  0.00e+00  7.53e+29
354	18.62		3550000		7.53e+29  7.53e+29  0.00e+00  7.53e+29
355	18.67		3560000		7.53e+29  7.53e+29  0.00e+00  7.53e+29
356	18.73		3570000		7.53e+29  7.53e+29  0.00e+00  7.53e+29
357	18.79		3580000		7.53e+29  7.53e+29  0.00e+00  7.53e+29
358	18.84		3590000		7.53e+29  7.53e+29  0.00e+00  7.53e+29
359	18.89		3600000		7.53e+29  7.53e+29  0.00e+00  7.53e+29
360	18.93		3610000		7.53e+29  7.53e+29  0.00e+00  7.53e+29
361	18.98		3620000		7.53e+29  7.53e+29  0.00e+00  7.53e+29
362	19.3		3630000		7.53e+29  7.53e+29  0.00e+00  7.53e+29
363	19.8		3640000		7.53e+29  7.53e+29  0.00e+00  7.53e+29
364	19.13		3650000		7.53e+29  7.53e+29  0.00e+00  7.53e+29
365	19.18		3660000		7.53e+29  7.53e+29  0.00e+00  7.53e+29
366	19.25		3670000		7.53e+29  7.53e+29  0.00e+00  7.53e+29
367	19.29		3680000		7.53e+29  7.53e+29  0.00e+00  7.53e+29
368	19.34		3690000		7.53e+29  7.53e+29  0.00e+00  7.53e+29
369	19.39		3700000		7.53e+29  7.53e+29  0.00e+00  7.53e+29
370	19.44		3710000		7.53e+29  7.53e+29  0.00e+00  7.53e+29
371	19.49		3720000		7.53e+29  7.53e+29  0.00e+00  7.53e+29
372	19.55		3730000		7.53e+29  7.53e+29  0.00e+00  7.53e+29
373	19.59		3740000		7.53e+29  7.53e+29  0.00e+00  7.53e+29
374	19.65		3750000		7.53e+29  7.53e+29  0.00e+00  7.53e+29
375	19.70		3760000		7.53e+29  7.53e+29  0.00e+00  7.53e+29
376	19.75		3770000		7.53e+29  7.53e+29  0.00e+00  7.53e+29
377	19.80		3780000		7.53e+29  7.53e+29  0.00e+00  7.53e+29
378	19.85		3790000		7.53e+29  7.53e+29  0.00e+00  7.53e+29
379	19.90		3800000		7.53e+29  7.53e+29  0.00e+00  7.53e+29
380	19.94		3810000		7.53e+29  7.53e+29  0.00e+00  7.53e+29
381	20.1		3820000		7.53e+29  7.53e+29  0.00e+00  7.53e+29
382	20.6		3830000		7.53e+29  7.53e+29  0.00e+00  7.53e+29
383	20.11		3840000		7.53e+29  7.53e+29  0.00e+00  7.53e+29
384	20.16		3850000		7.53e+29  7.53e+29  0.00e+00  7.53e+29
385	20.20		3860000		7.53e+29  7.53e+29  0.00e+00  7.53e+29
386	20.26		3870000		7.53e+29  7.53e+29  0.00e+00  7.53e+29
387	20.31		3880000		7.53e+29  7.53e+29  0.00e+00  7.53e+29
388	20.35		3890000		7.53e+29  7.53e+29  0.00e+00  7.53e+29
389	20.41		3900000		7.53e+29  7.53e+29  0.00e+00  7.53e+29
390	20.45		3910000		7.53e+29  7.53e+29  0.00e+00  7.53e+29
391	20.50		3920000		7.53e+29  7.53e+29  0.00e+00  7.53e+29
392	20.55		3930000		7.53e+29  7.53e+29  0.00e+00  7.53e+29
393	20.61		3940000		7.53e+29  7.53e+29  0.00e+00  7.53e+29
394	20.66		3950000		7.53e+29  7.53e+29  0.00e+00  7.53e+29
395	20.70		3960000		7.53e+29  7.53e+29  0.00e+00  7.53e+29
396	20.75		3970000		7.53e+29  7.53e+29  0.00e+00  7.53e+29
397	20.81		3980000		7.53e+29  7.53e+29  0.00e+00  7.53e+29
398	20.87		3990000		7.53e+29  7.53e+29  0.00e+00  7.53e+29
399	20.92		4000000		7.53e+29  7.53e+29  0.00e+00  7.53e+29
400	20.98		4010000		7.53e+29  7.53e+29  0.00e+00  7.53e+29
401	21.3		4020000		7.53e+29  7.53e+29  0.00e+00  7.53e+29
402	21.9		4030000		7.53e+29  7.53e+29  0.00e+00  7.53e+29
403	21.13		4040000		7.53e+29  7.53e+29  0.00e+00  7.53e+29
404	21.16		4050000		7.53e+29  7.53e+29  0.00e+00  7.53e+29
405	21.19		4060000		7.53e+29  7.53e+29  0.00e+00  7.53e+29
406	21.22		4070000		7.53e+29  7.53e+29  0.00e+00  7.53e+29
407	21.26		4080000		7.53e+29  7.53e+29  0.00e+00  7.53e+29
408	21.30		4090000		7.53e+29  7.53e+29  0.00e+00  7.53e+29
409	21.38		4100000		7.53e+29  7.53e+29  0.00e+00  7.53e+29
